16 100 40 45 325
10 23
4 40
3 57
11 78
10 82
14 27
1 39
6 75
0 47
10 39
5 44
2 48
15 31
5 38
13 55
9 65
12 91
8 83
13 27
9 23
11 27
0 73
3 64
1 27
3 72
2 73
11 66
2 61
6 7
15 83
8 91
10 95
13 48
12 41
3 66
3 37
15 8
14 2
10 48
6 33
2 28
5 55
2 40
3 18
1 6
4 68
3 18
2 40
3 60
5 25
4 60
3 27
4 24
3 36
5 95
2 26
1 19
5 45
4 56
1 17
3 51
3 15
2 10
5 95
5 45
1 19
5 30
3 18
4 68
1 12
3 27
5 55
2 26
4 32
2 40
4 48
3 18
2 20
3 24
2 12
4 32
5 90
1 8
4 32
1 19
3 36
4 68
1 6
3 33
3 48
4 80
1 11
2 36
2 16
3 33
2 16
5 60
5 65
1 20
5 100
5 90
1 12
2 22
1 11
5 45
4 48
3 60
3 39
3 48
2 32
2 18
1 8
1 13
4 28
2 24
4 80
3 27
1 8
2 14
1 13
2 40
3 48
1 18
3 54
3 36
3 21
1 20
3 54
3 18
4 20
1 14
2 40
1 17
4 68
2 26
3 36
5 100
2 28
4 64
5 40
2 30
1 7
1 5
3 42
2 16
4 64
3 45
5 85
4 60
5 55
3 45
5 90
1 7
2 32
3 27
1 16
4 80
3 36
1 5
3 30
2 12
5 90
3 60
5 75
2 10
4 48
4 76
1 14
4 48
1 10
2 30
5 50
4 36
5 90
3 36
2 20
5 55
3 60
4 52
3 24
2 34
4 68
2 26
5 60
4 24
5 70
2 14
3 39
1 20
5 60
1 18
3 48
3 27
5 100
2 26
2 38
3 57
5 45
4 44
5 65
5 45
2 28
5 60
1 13
2 26
3 36
2 16
4 56
2 34
1 16
4 68
2 30
5 100
3 15
3 42
5 90
3 39
3 48
3 45
1 12
5 50
4 60
5 90
5 55
2 32
4 72
1 6
4 76
5 80
3 18
4 72
3 48
5 25
4 36
2 14
3 42
4 28
1 18
4 32
5 35
3 27
2 10
5 95
4 28
3 30
3 45
3 27
5 40
2 24
2 28
3 60
2 40
4 36
3 45
4 20
4 48
5 45
4 56
2 30
4 60
4 60
5 75
5 75
2 24
3 48
1 9
4 28
1 13
5 65
5 90
2 36
3 51
4 40
1 20
1 20
5 80
5 100
5 50
4 20
3 36
4 60
3 54
5 30
2 10
5 65
5 40
1 18
5 45
3 21
5 45
3 18
5 35
3 45
4 80
3 48
1 11
1 12
3 60
1 10
3 60
5 30
4 52
5 50
2 16
1 18
3 45
4 56
1 17
2 14
3 18
4 32
2 36
2 14
5 25
5 35
1 9
1 15
1 5
4 32
2 14
1 16
3 48
3 51
3 18
3 60
1 17
5 65
3 60
1 12
3 45
3 57
1 6
4 24
2 30
3 30
5 65
3 42
1 16
5 75
4 64
2 24
2 20
3 33
1 11
4 40
1 19
1 18
1 6
4 68
3 42
3 30
1 10
4 68
5 80
5 70
2 28
2 30
2 12
5 50
4 56
5 90
5 90
4 60
1 19
5 45


